-0.1285435,0.495,0.15395895,0.495,-0.10117304,0.07509366,0.103128046,0.07346445,0.12170088,-0.495,-0.082600236,-0.495,-0.24780059,-0.35664302,0.22825024,-0.34686786,-0.15689152,0.032734543,-0.25953078,0.23638394,0.14320624,0.009925842,0.34946236,0.32110214,-0.43841642,0.039251328,-0.25073314,-0.1122638,0.18914956,-0.09923023,0.495,-0.012882888,0.4599218,-0.3240592,0.18914956,-0.08945507,0.48924732,-0.030804038,-0.4872923,-0.33057594,-0.23118281,-0.14321846,-0.48338223,0.01318422
2,0,3,0,3,1,2,5,4,2,4,3,6,5,2,4,7,3,9,8,2,9,2,0,3,1,11,3,10,11,13,12,9,13,9,8,14,15,10,10,15,11,18,17,16,21,19,20
Cast1	-0.17398949,0.64527875,0.09248406,0.66981417,-0.13254829,0.22007541,0.08026836,0.23819712,0.13588965,-0.32904974,-0.0692222,-0.34740332,-0.24545155,-0.22364448,0.23314856,-0.17474413,-0.2356861,0.16681679,-0.2699561,0.39294454,0.1571719,0.17167771,0.26347953,0.5344511,-0.5179044,0.30271304,-0.4109507,0.08055168,0.2856639,0.07685733,0.48662317,0.30330583,0.28294966,0.58274835,0.21867327,0.22998928,0.4657869,0.3276189,-0.44709945,0.5185352,-0.2629151,0.2598057,-0.5519058,0.19149065
Raised	-0.1137728,0.5564619,0.14389125,0.5528862,-0.13759638,0.122063965,0.09563948,0.12205506,0.0972755,-0.44628558,-0.09668209,-0.44897473,-0.25924447,-0.3200631,0.21527447,-0.3069524,-0.29007205,0.16120264,-0.14774193,0.33082318,0.26714483,0.123580754,0.20961756,0.4503267,-0.37219426,0.5013683,-0.48007828,0.27266923,0.34724244,0.118140355,0.4775171,0.47913405,0.32529956,0.58451164,0.17124473,0.2610546,0.46969298,0.32759002,-0.4498814,0.61223686,-0.21992931,0.39356792,-0.4901125,0.27081603
base	-0.1285435,0.495,0.15395895,0.495,-0.10117304,0.07509366,0.103128046,0.07346445,0.12170088,-0.495,-0.082600236,-0.495,-0.24780059,-0.35664302,0.22825024,-0.34686786,-0.15689152,0.032734543,-0.25953078,0.23638394,0.14320624,0.009925842,0.34946236,0.32110214,-0.43841642,0.039251328,-0.25073314,-0.1122638,0.18914956,-0.09923023,0.495,-0.012882888,0.4599218,-0.3240592,0.18914956,-0.08945507,0.48924732,-0.030804038,-0.4872923,-0.33057594,-0.23118281,-0.14321846,-0.48338223,0.01318422
Still	-0.1285435,0.495,0.15395895,0.495,-0.10117304,0.07509366,0.103128046,0.07346445,0.12170088,-0.495,-0.082600236,-0.495,-0.24780059,-0.35664302,0.22825024,-0.34686786,-0.15689152,0.032734543,-0.25953078,0.23638394,0.14320624,0.009925842,0.34946236,0.32110214,-0.43841642,0.039251328,-0.25073314,-0.1122638,0.18914956,-0.09923023,0.495,-0.012882888,0.37422094,0.27593824,0.18387677,-0.027583474,0.48800966,0.0040726173,-0.49902248,0.17610377,-0.20255396,0.10062901,-0.36247864,-0.16641593
Cast2	-0.08464997,0.70527226,0.17913708,0.6649759,-0.14194074,0.28066444,0.076224625,0.25218874,0.04688524,-0.30910352,-0.14246245,-0.2911508,-0.29452708,-0.15162961,0.1792289,-0.178944,-0.25914752,0.27809727,-0.24224088,0.49671414,0.16958246,0.15293019,0.34296587,0.48005438,-0.50447184,0.45437932,-0.44951016,0.22522224,0.24506706,0.038170762,0.52703846,0.17262739,0.28196803,0.45652962,0.26169905,0.09882381,0.5127969,0.27331418,-0.48494005,0.69647694,-0.2546432,0.3341357,-0.5497129,0.3968188
Right2	-0.094416425,0.5037793,0.1921025,0.51545477,-0.068626784,0.06842817,0.14356205,0.08923015,0.2680277,-0.45192853,0.06536565,-0.48692557,-0.10835047,-0.3965643,0.39051807,-0.3370927,-0.17010534,0.028445248,-0.19669989,0.25464788,0.18389605,0.025043713,0.38830557,0.33767223,-0.44854948,0.16992792,-0.34475487,-0.054077886,0.23127718,-0.08741939,0.53570664,0.003124647,0.62793624,0.08524176,0.28238568,0.1782056,0.40138838,-0.10382071,-0.56309295,0.20879446,-0.2479899,0.20158204,-0.36484984,-0.07288265
Right1	-0.17548287,0.42415115,0.083669595,0.5015543,-0.051475894,0.011717122,0.15624869,0.077797435,0.30961028,-0.47435787,0.101290695,-0.54274386,-0.01502418,-0.466066,0.41300097,-0.28495854,-0.11763465,-0.034921505,-0.22694793,0.1614665,0.21440169,0.044477865,0.30581138,0.40179294,-0.41574124,-0.023586905,-0.22702992,-0.18158466,0.2811896,0.004537099,0.55654114,0.14787681,0.61463046,0.08130856,0.26143673,0.0061892774,0.4105449,0.27787527,-0.502262,0.11195012,-0.18888685,0.062045168,-0.3419749,-0.19217929
Left2	0.108647935,0.4596829,0.38238,0.40839836,0.046209358,0.035695422,0.2499106,0.0030159934,0.23020527,-0.56355095,-0.049864277,-0.5185643,-0.22993614,-0.3406949,0.28136823,-0.4262021,-0.036276028,0.019854542,-0.06795809,0.24286765,0.30334994,-0.090949744,0.53504133,0.20222339,-0.30967286,0.13018778,-0.18652359,-0.08042575,0.37886062,-0.011249028,0.16979752,0.23181848,0.087874606,0.24293205,0.15307683,-0.109343514,0.35564142,0.119646765,-0.46602386,0.12757197,-0.1655451,0.22671166,-0.1814155,-0.068154424
Left1	0.022066984,0.47504997,0.281734,0.41455075,0.003671976,0.06714826,0.17746547,0.0055666375,0.085973285,-0.54855204,-0.12233243,-0.4795569,-0.2515787,-0.25931734,0.2278481,-0.44979423,-0.14842606,0.02271403,-0.12595388,0.24706669,0.17819121,-0.050905384,0.44459984,0.21717279,-0.3930239,0.25664237,-0.3660804,0.0075667016,0.20008972,-0.16954634,0.5179053,-0.13889658,0.3943958,0.20015356,0.19215631,-0.095576175,0.49730483,-0.07601328,-0.5038875,0.33828825,-0.21097408,0.27132902,-0.38269794,-0.021028876
